version	1

// General informations
root_actuated 0
external_forces 0

// Informations about Pelvis segment
	// Segment
	segment	Pelvis
		RT
			1.0000000000	0.0000000000	0.0000000000	0.0000000000
			0.0000000000	1.0000000000	0.0000000000	0.0000000000
			0.0000000000	0.0000000000	1.0000000000	0.0000000000
			0.0000000000	0.0000000000	0.0000000000	1.0000000000
		translations	xyz
		rotations	xyz
	endsegment

	// Markers
	marker	ASISl
		parent	Pelvis
		position	-0.1288356719	0.0925093168	-0.0000000000
		technical 1
	endmarker
	marker	ASISr
		parent	Pelvis
		position	0.1288356719	0.1002054458	-0.0000000000
		technical 1
	endmarker
	marker	PSISl
		parent	Pelvis
		position	-0.0321513110	-0.0953116717	-0.0017336692
		technical 1
	endmarker
	marker	PSISr
		parent	Pelvis
		position	0.0321513110	-0.0974030909	0.0017336692
		technical 1
	endmarker


// Informations about Thorax segment
	// Segment
	segment	Thorax
		parent	Pelvis
		RT
			0.9933027800	-0.0534833596	-0.1024163928	-0.0063590656
			0.0363676633	0.9860827166	-0.1622290635	0.0070361709
			0.1096675902	0.1574179348	0.9814237685	0.0569931984
			0.0000000000	0.0000000000	0.0000000000	1.0000000000
		translations	xyz
		rotations	xyz
		mass	63.94000
		inertia
			1.0000000000	0.0000000000	0.0000000000
			0.0000000000	1.0000000000	0.0000000000
			0.0000000000	0.0000000000	1.0000000000
		com		0.0086270000		-0.0084640000		0.1679300000
	endsegment

	// Markers
	marker	XIPH
		parent	Thorax
		position	0.0137839020	0.1047112096	0.0729922200
		technical 1
	endmarker
	marker	STER
		parent	Thorax
		position	0.0147492214	-0.0144700301	0.2871084116
		technical 1
	endmarker
	marker	STERl
		parent	Thorax
		position	-0.0029123356	-0.0300453620	0.3011072656
		technical 1
	endmarker
	marker	T1
		parent	Thorax
		position	0.0128185826	-0.1533256221	0.2481139834
		technical 1
	endmarker
	marker	T10
		parent	Thorax
		position	0.0137839020	-0.1288116310	0.0729922200
		technical 1
	endmarker
	marker	ThL
		parent	Thorax
		position	0.1563201823	-0.0164912848	0.0876201507
		technical 1
	endmarker


// Informations about Clavicule segment
	// Segment
	segment	Clavicule
		parent	Thorax
		RT
			0.9012158282	0.3726935722	0.2211549959	0.0409333811
			-0.3583590085	0.9278512130	-0.1033002770	-0.0254769854
			-0.2436982803	0.0138429594	0.9697522985	0.2979298505
			0.0000000000	0.0000000000	0.0000000000	1.0000000000
		rotations	zyx
	endsegment

	// Markers
	marker	CLAV_SC
		parent	Clavicule
		position	0.0000000000	0.0000000000	0.0000000000
		technical 1
	endmarker
	marker	CLAV_AC
		parent	Clavicule
		position	0.1587046421	0.0000000000	0.0000000000
		technical 1
	endmarker


// Informations about Scapula segment
	// Segment
	segment	Scapula
		parent	Clavicule
		RT
			0.7543832190	-0.6509180994	-0.0849210606	0.1587040974
			0.6563281961	0.7502487104	0.0797506816	0.0000005335
			0.0118007541	-0.1158986627	0.9931909395	-0.0000001865
			0.0000000000	0.0000000000	0.0000000000	1.0000000000
		rotations	zyx
	endsegment

	// Markers
	marker	SCAP_CP
		parent	Scapula
		position	-0.0090260019	0.0569905552	-0.0085278865
		technical 1
	endmarker
	marker	CLAV_AC
		parent	Scapula
		position	0.0000000000	0.0000000000	0.0000000000
		technical 1
	endmarker
	marker	SCAP_AA
		parent	Scapula
		position	-0.0048906328	-0.0246440357	-0.0163191385
		technical 1
	endmarker
	marker	SCAPl
		parent	Scapula
		position	-0.0401197056	-0.0303408346	-0.0111437159
		technical 1
	endmarker
	marker	SCAP_TS
		parent	Scapula
		position	-0.1243691533	-0.0246440357	-0.0163191385
		technical 0
	endmarker
	marker	SCAP_IA
		parent	Scapula
		position	-0.1183334260	-0.0246440357	-0.1505212080
		technical 0
	endmarker


// Informations about Arm segment
	// Segment
	segment	Arm
		parent	Scapula
		RT
			0.9681967375	0.1218431742	-0.2185161739	0.0226693784
			-0.1532857074	0.9791635651	-0.1331998657	-0.0002239424
			0.1977335815	0.1624590815	0.9666997868	-0.0424880466
			0.0000000000	0.0000000000	0.0000000000	1.0000000000
		translations	xyz
		rotations	zyz
		mass	1.71000
		inertia
			0.0072940000	0.0000000000	0.0000000000
			0.0000000000	0.0063800000	0.0000000000
			0.0000000000	0.0000000000	0.0020670000
		com		0.0001470000		-0.0071770000		-0.1351000000
	endsegment

	// Markers
	marker	DELT
		parent	Arm
		position	0.0277780181	0.0119108329	-0.1202220577
		technical 1
	endmarker
	marker	ARMl
		parent	Arm
		position	0.0349334442	0.0100514309	-0.1684859526
		technical 1
	endmarker
	marker	EPICl
		parent	Arm
		position	0.0343234361	-0.0116012156	-0.2234476215
		technical 0
	endmarker
	marker	EPICm
		parent	Arm
		position	-0.0338125006	-0.0133446291	-0.2461393692
		technical 1
	endmarker
	marker	CLAV_AC
		parent	Arm
		position	-0.0000523247	0.0025546949	0.0480902340
		technical 0
	endmarker


// Informations about LowerArm1 segment
	// Segment
	segment	LowerArm1
		parent	Arm
		RT
			0.9422745974	-0.1355027923	-0.3061985897	0.0000003097
			0.0000008166	0.9144602395	-0.4046757588	0.0000002223
			0.3348411312	0.3813154378	0.8616727650	-0.2340740126
			0.0000000000	0.0000000000	0.0000000000	1.0000000000
		rotations	x
	endsegment

	// Markers
	marker	LARMm
		parent	LowerArm1
		position	0.0040187247	0.0268735091	-0.0739276143
		technical 1
	endmarker
	marker	LARMl
		parent	LowerArm1
		position	0.0451341944	-0.0268735091	-0.0628489143
		technical 1
	endmarker
	marker	LARM_elb
		parent	LowerArm1
		position	0.0082034100	-0.0390999631	-0.0411275548
		technical 1
	endmarker
	marker	LARM_ant
		parent	LowerArm1
		position	0.0465796150	-0.0264894684	-0.1296584120
		technical 1
	endmarker


// Informations about LowerArm2 segment
	// Segment
	segment	LowerArm2
		parent	LowerArm1
		RT
			-0.2744137565	-0.9611772302	0.0289036739	0.0306754271
			0.9346790505	-0.2595435867	0.2429242652	0.0074057092
			-0.2259915091	0.0936774185	0.9696145519	-0.0018563487
			0.0000000000	0.0000000000	0.0000000000	1.0000000000
		rotations	z
		mass	0.92000
		inertia
			0.0037020000	0.0000000000	0.0000000000
			0.0000000000	0.0035900000	0.0000000000
			0.0000000000	0.0000000000	0.0004800000
		com		-0.0193080000		0.0172170000		-0.1093840000
	endsegment

	// Markers
	marker	STYLr
		parent	LowerArm2
		position	0.0187691850	-0.0078028778	-0.2218625294
		technical 1
	endmarker
	marker	STYLr_up
		parent	LowerArm2
		position	0.0168799789	-0.0119926233	-0.1968151795
		technical 1
	endmarker
	marker	STYLu
		parent	LowerArm2
		position	-0.0233860991	-0.0078028778	-0.2188251650
		technical 1
	endmarker
	marker	WRIST
		parent	LowerArm2
		position	-0.0163956262	-0.0132837712	-0.1939411447
		technical 1
	endmarker


// Informations about Hand segment
	// Segment
	segment	Hand
		parent	LowerArm2
		RT
			0.8869514527	0.4611758023	0.0251793464	-0.0127909719
			-0.4156502764	0.8207888443	-0.3918424694	0.0054993785
			-0.2013751918	0.3370794452	0.9196877078	-0.2406682454
			0.0000000000	0.0000000000	0.0000000000	1.0000000000
		rotations	xy
		mass	0.37000
		inertia
			0.0002510000	0.0000000000	0.0000000000
			0.0000000000	0.0001840000	0.0000000000
			0.0000000000	0.0000000000	0.0001000000
		com		0.0060720000		-0.0053170000		-0.0355410000
	endsegment

	// Markers
	marker	INDEX
		parent	Hand
		position	0.0364920574	-0.0071134802	-0.0480010956
		technical 1
	endmarker
	marker	LASTC
		parent	Hand
		position	-0.0202434986	-0.0071134802	-0.0471045089
		technical 1
	endmarker
	marker	MEDH
		parent	Hand
		position	-0.0143930655	-0.0093313327	-0.0137558165
		technical 1
	endmarker
	marker	LATH
		parent	Hand
		position	0.0306416243	-0.0048956276	-0.0088093248
		technical 1
	endmarker


